Wavelengths=14;

WavelengthFolder=[
459;
459;
459;
459;
459;
459;
459;
459;
459;
459;
459;
459;
459;
459
];

WavelengthAndReleativeIntensity=[
0.435E-6,	0.0981595092;
0.439E-6,	0.1797923549;
0.443E-6,	0.3020481359;
0.447E-6,	0.4938555923;
0.451E-6,	0.699726286;
0.455E-6,	0.8914204814;
0.459E-6,	1;
0.463E-6,	0.9167815007;
0.467E-6,	0.7050778669;
0.471E-6,	0.5136951392;
0.475E-6,	0.3766399245;
0.479E-6,	0.2627465786;
0.483E-6,	0.168041529;
0.487E-6,	0.1058612553
    ];

WavelengthRGB=[
  0, 118, 255;
  0, 118, 255;
  0, 118, 255;
  0, 118, 255;
  0, 118, 255;
  0, 118, 255;
  0, 118, 255;
  0, 118, 255;
  0, 118, 255;
  0, 118, 255;
  0, 118, 255;
  0, 118, 255;
  0, 118, 255;
  0, 118, 255
 ];

WavelengthRefractiveIndex=[
1.74;
1.74;
1.74;
1.74;
1.74;
1.74;
1.74;
1.74;
1.74;
1.74;
1.74;
1.74;
1.74;
1.74
];

WavelengthPhotonToLm=[
1.30E-17;
1.51E-17;
1.68E-17;
1.83E-17;
1.99E-17;
2.16E-17;
2.42E-17;
2.84E-17;
3.36E-17;
3.88E-17;
4.39E-17;
4.92E-17;
5.49E-17;
6.08E-17
];